     0/149    0.638G   0.09038   0.07281    0.1143    0.2774        14       640         0         0  0.001017 0.0002033   0.08511   0.02962   0.06667
     1/149     3.44G   0.08103   0.04506   0.06499    0.1911        23       640         0         0  0.004794  0.001095   0.07301   0.03212    0.0595
     2/149     3.44G   0.07245   0.04558   0.06084    0.1789        25       640    0.1116  0.008671   0.01288  0.003145   0.07049   0.03141   0.05571
     3/149     3.44G   0.06656   0.04416   0.05683    0.1675        16       640    0.2303   0.04452   0.05494   0.01538   0.06215   0.02974   0.04989
     4/149     3.44G   0.06282   0.04325   0.05197     0.158        21       640    0.2678   0.08038   0.09628   0.02972   0.05883   0.02859   0.04539
     5/149     3.44G   0.06019   0.04233   0.04833    0.1508        11       640    0.3318     0.158    0.1361   0.04528   0.05681   0.02834      0.04
     6/149     3.44G   0.05847   0.04186   0.04532    0.1457        13       640    0.3436    0.1965    0.1794   0.06519   0.05436   0.02784   0.03792
     7/149     3.44G   0.05725   0.04131   0.04359    0.1421        16       640    0.3091    0.2233    0.1808   0.06843   0.05409   0.02757   0.03727
     8/149     3.44G   0.05621   0.04083   0.04133    0.1384        15       640    0.3245    0.2631    0.2124   0.07747   0.05309   0.02726   0.03308
     9/149     3.44G   0.05489   0.04077   0.04007    0.1357        10       640    0.3323    0.3118    0.2565    0.1015   0.05035   0.02694   0.03104
    10/149     3.44G     0.054   0.03982   0.03856    0.1324        12       640    0.3168    0.3413    0.2776    0.1149   0.04929   0.02649   0.02873
    11/149     3.44G   0.05328   0.04004    0.0367      0.13        16       640    0.3517    0.3868    0.3214     0.137   0.04824   0.02626   0.02762
    12/149     3.44G    0.0525   0.03999   0.03586    0.1283        23       640    0.3418    0.4253    0.3381    0.1466   0.04752   0.02608   0.02627
    13/149     3.44G    0.0521   0.03986   0.03501     0.127        14       640    0.3488     0.425    0.3475    0.1534   0.04656   0.02573   0.02455
    14/149     3.44G   0.05173   0.03963    0.0341    0.1255        38       640    0.3755    0.4425    0.3745    0.1646   0.04657   0.02554   0.02353
    15/149     3.44G   0.05086   0.03911    0.0334    0.1234        21       640    0.3839    0.4394    0.3818    0.1718   0.04579   0.02522   0.02364
    16/149     3.44G   0.05061   0.03928    0.0325    0.1224        19       640    0.3707    0.4773    0.3983    0.1817   0.04501   0.02506    0.0221
    17/149     3.44G   0.04984   0.03834    0.0315    0.1197         9       640    0.3908     0.509    0.4374    0.2054   0.04423   0.02485   0.02034
    18/149     3.44G    0.0501   0.03904   0.03067    0.1198        11       640    0.3717    0.5356     0.443    0.2126   0.04388   0.02466    0.0199
    19/149     3.44G   0.04926    0.0383   0.03037    0.1179        14       640     0.396    0.5474    0.4691    0.2264    0.0431   0.02419   0.01915
    20/149     3.44G   0.04884   0.03827      0.03    0.1171        19       640    0.3688    0.5714    0.4726    0.2278   0.04272    0.0246    0.0185
    21/149     3.44G    0.0483   0.03812   0.02932    0.1157        16       640     0.403    0.5668    0.4859    0.2355   0.04239   0.02429   0.01769
    22/149     3.44G   0.04806   0.03801   0.02847    0.1145        12       640    0.3993    0.5865    0.5086    0.2495   0.04167   0.02398   0.01735
    23/149     3.44G   0.04799   0.03809   0.02776    0.1138        17       640    0.3748    0.5967    0.5093     0.252   0.04145   0.02404   0.01691
    24/149     3.44G   0.04755   0.03732   0.02789    0.1128        12       640     0.382    0.6159    0.5159    0.2574   0.04147   0.02409   0.01706
    25/149     3.44G   0.04742   0.03738    0.0275    0.1123        14       640    0.3998    0.6238    0.5366    0.2712   0.04067   0.02373   0.01571
    26/149     3.44G   0.04715   0.03778   0.02679    0.1117        18       640    0.4004    0.6383    0.5461    0.2798    0.0402   0.02342   0.01489
    27/149     3.44G   0.04645   0.03768    0.0264    0.1105        18       640    0.4051    0.6363    0.5529    0.2862   0.03979   0.02342   0.01498
    28/149     3.44G   0.04637   0.03738   0.02596    0.1097        16       640    0.4262    0.6503    0.5772    0.2994   0.03947   0.02315   0.01425
    29/149     3.44G   0.04649   0.03752   0.02596      0.11        32       640    0.4161    0.6678    0.5873      0.31   0.03901   0.02313   0.01377
    30/149     3.44G   0.04631   0.03722   0.02549     0.109        21       640    0.4328    0.6608    0.5898     0.311   0.03856   0.02281   0.01346
    31/149     3.44G   0.04571   0.03688   0.02502    0.1076        11       640    0.4335    0.6753    0.5986    0.3207   0.03832   0.02273   0.01302
    32/149     3.44G   0.04549   0.03738   0.02479    0.1077        10       640    0.4329    0.6927    0.6092    0.3278    0.0378   0.02255   0.01297
    33/149     3.44G   0.04536   0.03666   0.02493    0.1069        10       640    0.4278    0.6979    0.6155     0.334   0.03754   0.02254   0.01221
    34/149     3.44G   0.04529   0.03669   0.02417    0.1061        14       640    0.4437    0.7012    0.6257    0.3442   0.03716   0.02248   0.01187
    35/149     3.44G   0.04489   0.03639   0.02385    0.1051        17       640    0.4428    0.7032    0.6342    0.3455     0.037   0.02228   0.01186
    36/149     3.44G   0.04458   0.03633    0.0233    0.1042         9       640    0.4415    0.7144    0.6466    0.3552   0.03676   0.02207   0.01118
    37/149     3.44G   0.04467   0.03623   0.02355    0.1044        21       640    0.4423    0.7206      0.65    0.3607   0.03635   0.02205   0.01108
    38/149     3.44G    0.0443   0.03647    0.0227    0.1035         8       640    0.4588    0.7251    0.6572    0.3654   0.03608   0.02186    0.0107
    39/149     3.44G   0.04415   0.03616   0.02297    0.1033         9       640    0.4661    0.7216    0.6587    0.3707   0.03593    0.0217   0.01072
    40/149     3.44G   0.04389   0.03615   0.02244    0.1025        15       640    0.4607    0.7259    0.6639    0.3749   0.03587   0.02164   0.01024
    41/149     3.44G   0.04397   0.03629   0.02234    0.1026        14       640    0.4721    0.7326     0.675    0.3821   0.03558   0.02153    0.0102
    42/149     3.44G   0.04363   0.03566   0.02246    0.1018        18       640    0.4814    0.7361    0.6839    0.3907   0.03523   0.02132  0.009931
    43/149     3.44G   0.04344   0.03613   0.02241     0.102        28       640    0.4594    0.7492    0.6854    0.3907   0.03504   0.02138  0.009665
    44/149     3.44G   0.04343   0.03587   0.02153    0.1008         8       640    0.4777    0.7469    0.6892    0.3939   0.03484   0.02123  0.009551
    45/149     3.44G   0.04363   0.03573   0.02196    0.1013        13       640    0.4644    0.7588    0.6946     0.399   0.03468   0.02121  0.009361
    46/149     3.44G   0.04328   0.03567   0.02182    0.1008        17       640    0.4757     0.762    0.7003    0.4045   0.03447    0.0211  0.009248
    47/149     3.44G   0.04282   0.03518   0.02069   0.09869        15       640    0.4793    0.7635    0.7064    0.4089   0.03422   0.02096  0.008966
    48/149     3.44G   0.04266   0.03565   0.02076   0.09908        28       640    0.4673    0.7746    0.7127    0.4153   0.03396   0.02088  0.008463
    49/149     3.44G   0.04267   0.03545   0.02094   0.09906        16       640    0.4761    0.7738    0.7179    0.4191   0.03379   0.02076    0.0084
    50/149     3.44G   0.04252   0.03532   0.02042   0.09825        24       640    0.4811    0.7784    0.7223    0.4242   0.03362   0.02073  0.008196
    51/149     3.44G   0.04242   0.03518   0.02017   0.09777        14       640    0.4898    0.7794    0.7251    0.4267   0.03348   0.02062  0.008098
    52/149     3.44G   0.04224   0.03555   0.01975   0.09754        14       640    0.4941    0.7825     0.728    0.4301   0.03326    0.0205   0.00783
    53/149     3.44G   0.04193   0.03507   0.01988   0.09689         7       640    0.4895    0.7892    0.7329    0.4349   0.03307    0.0204  0.007667
    54/149     3.44G   0.04197   0.03514    0.0195   0.09661        17       640    0.4943     0.795    0.7381    0.4389   0.03294   0.02031  0.007524
    55/149     3.44G   0.04209   0.03462   0.01947   0.09618        17       640    0.4882    0.7983    0.7428    0.4447   0.03277   0.02026  0.007335
    56/149     3.44G   0.04178    0.0349   0.01959   0.09627        16       640    0.4897    0.8019    0.7461    0.4488   0.03264    0.0202  0.007131
    57/149     3.44G   0.04132   0.03474   0.01892   0.09499        16       640    0.4888    0.8044    0.7527    0.4546   0.03244   0.02013  0.006915
    58/149     3.44G   0.04137   0.03475   0.01911   0.09524        21       640    0.4929    0.8099    0.7564     0.457   0.03232   0.02005  0.006802
    59/149     3.44G   0.04131   0.03489   0.01859   0.09478        18       640    0.4968    0.8151    0.7621    0.4621   0.03223   0.01998  0.006661
    60/149     3.44G   0.04103   0.03474   0.01833    0.0941        24       640     0.496    0.8226    0.7657    0.4656   0.03205   0.01991  0.006501
    61/149     3.44G   0.04099   0.03437   0.01867   0.09403        20       640    0.4977    0.8234    0.7685    0.4684   0.03191   0.01982  0.006364
    62/149     3.44G   0.04063   0.03439   0.01782   0.09284        14       640    0.5022    0.8225    0.7707    0.4726   0.03181   0.01974  0.006236
    63/149     3.44G   0.04078   0.03458   0.01788   0.09324        21       640    0.5028    0.8255    0.7727    0.4751   0.03167   0.01967  0.006111
    64/149     3.44G   0.04073   0.03449   0.01772   0.09293        28       640    0.5042    0.8276    0.7761    0.4793   0.03152   0.01957  0.005959
    65/149     3.44G   0.04048    0.0342   0.01802   0.09269        12       640    0.5051    0.8308    0.7797    0.4814    0.0314    0.0195  0.005845
    66/149     3.44G   0.04052   0.03421   0.01766   0.09239        16       640    0.5039    0.8341    0.7833    0.4843    0.0313   0.01946  0.005739
    67/149     3.44G   0.03999   0.03366   0.01731   0.09097        32       640    0.5063    0.8382    0.7867    0.4861   0.03119   0.01941   0.00563
    68/149     3.44G   0.04005   0.03444   0.01708   0.09157        14       640    0.5073    0.8383    0.7894    0.4895    0.0311   0.01934  0.005555
    69/149     3.44G   0.04003   0.03395   0.01732    0.0913        11       640     0.508    0.8419    0.7925    0.4923   0.03093   0.01928  0.005456
    70/149     3.44G    0.0397   0.03404   0.01699   0.09074        14       640    0.5065    0.8436    0.7945    0.4948   0.03081   0.01923  0.005374
    71/149     3.44G   0.03969   0.03387   0.01702   0.09057        29       640    0.5067    0.8447    0.7967    0.4971   0.03072   0.01918  0.005291
    72/149     3.44G   0.03989   0.03373   0.01715   0.09077        15       640     0.509     0.849    0.7996    0.5007    0.0306   0.01913  0.005207
    73/149     3.44G   0.03936   0.03361   0.01654    0.0895        18       640    0.5108    0.8523    0.8014    0.5025    0.0305   0.01908  0.005122
    74/149     3.44G   0.03936   0.03353   0.01637   0.08926         9       640     0.514    0.8524    0.8031    0.5052   0.03037   0.01902   0.00504
    75/149     3.44G   0.03902   0.03355   0.01608   0.08866        19       640    0.5168    0.8546    0.8063    0.5077   0.03025   0.01896  0.004957
    76/149     3.44G   0.03897   0.03342   0.01614   0.08853        21       640     0.517    0.8572    0.8081    0.5102   0.03015   0.01891  0.004887
    77/149     3.44G   0.03885   0.03326   0.01638   0.08849        11       640    0.5204    0.8578    0.8097    0.5126   0.03005   0.01886  0.004818
    78/149     3.44G   0.03897   0.03322   0.01591    0.0881        12       640    0.5235    0.8593    0.8118    0.5145   0.02996    0.0188  0.004747
    79/149     3.44G   0.03858   0.03328   0.01569   0.08755        14       640    0.5242     0.861    0.8132    0.5162   0.02989   0.01875  0.004676
    80/149     3.44G   0.03844   0.03321   0.01539   0.08704        22       640    0.5234    0.8626     0.815    0.5174   0.02982   0.01871  0.004611
    81/149     3.44G   0.03864   0.03318   0.01546   0.08728        14       640    0.5242    0.8648    0.8168    0.5197   0.02973   0.01866  0.004545
    82/149     3.44G   0.03864   0.03306   0.01528   0.08697        14       640    0.5239    0.8659    0.8192    0.5218   0.02965   0.01862  0.004487
    83/149     3.44G    0.0383   0.03286   0.01537   0.08653        16       640    0.5255    0.8673    0.8208    0.5241   0.02958   0.01858   0.00443
    84/149     3.44G   0.03819   0.03278   0.01505   0.08602        27       640    0.5271     0.868    0.8217    0.5255   0.02951   0.01853  0.004373
    85/149     3.44G     0.038   0.03276    0.0147   0.08546        12       640    0.5264     0.869    0.8233    0.5269   0.02944   0.01848  0.004321
    86/149     3.44G   0.03794   0.03259   0.01461   0.08514        16       640    0.5273    0.8696    0.8247    0.5286   0.02938   0.01844  0.004269
    87/149     3.44G   0.03773   0.03279   0.01479   0.08531         8       640    0.5285     0.872    0.8265    0.5296   0.02932   0.01841  0.004221
    88/149     3.44G   0.03753   0.03281   0.01432   0.08466        16       640    0.5281    0.8734    0.8279    0.5315   0.02926   0.01839  0.004174
    89/149     3.44G   0.03742    0.0324   0.01422   0.08403        16       640    0.5287    0.8743    0.8292    0.5331    0.0292   0.01835  0.004133
    90/149     3.44G   0.03737   0.03251   0.01461   0.08449        20       640    0.5292    0.8751    0.8303    0.5346   0.02914   0.01832  0.004094
    91/149     3.44G   0.03734   0.03216    0.0143    0.0838        20       640    0.5283     0.876    0.8315    0.5359   0.02909   0.01829  0.004059
    92/149     3.44G   0.03734   0.03241   0.01436   0.08411        18       640    0.5281    0.8766    0.8329    0.5377   0.02903   0.01826  0.004023
    93/149     3.44G   0.03706   0.03259   0.01413   0.08378        13       640     0.529    0.8774     0.834    0.5393   0.02897   0.01823  0.003987
    94/149     3.44G   0.03698   0.03217   0.01371   0.08286        11       640    0.5296    0.8787    0.8354    0.5412   0.02892   0.01819  0.003952
    95/149     3.44G   0.03698    0.0321   0.01382    0.0829        17       640    0.5303    0.8796     0.837    0.5429   0.02887   0.01817  0.003917
    96/149     3.44G   0.03665   0.03189   0.01377   0.08231        12       640    0.5325    0.8821    0.8383    0.5441   0.02881   0.01813  0.003884
    97/149     3.44G   0.03658   0.03219   0.01372   0.08249        18       640    0.5332    0.8826    0.8394     0.545   0.02876    0.0181  0.003853
    98/149     3.44G   0.03642    0.0315   0.01356   0.08148        17       640    0.5341    0.8829    0.8403    0.5462   0.02871   0.01808  0.003823
    99/149     3.44G    0.0363   0.03151    0.0133   0.08111        14       640    0.5347    0.8834    0.8412    0.5465   0.02866   0.01805  0.003794
   100/149     3.44G   0.03637   0.03152    0.0134   0.08129        18       640     0.536    0.8846    0.8421    0.5476   0.02861   0.01802  0.003764
   101/149     3.44G   0.03607   0.03173   0.01329   0.08108        25       640    0.5362    0.8856    0.8433    0.5484   0.02856   0.01799  0.003737
   102/149     3.44G   0.03612   0.03169   0.01325   0.08106        14       640    0.5368    0.8866    0.8444    0.5496   0.02852   0.01797  0.003707
   103/149     3.44G   0.03607   0.03133   0.01302   0.08043        18       640    0.5363    0.8872    0.8452    0.5506   0.02847   0.01794  0.003679
   104/149     3.44G    0.0358   0.03146   0.01292   0.08018        22       640    0.5364    0.8875     0.846    0.5518   0.02843   0.01792  0.003651
   105/149     3.44G   0.03578   0.03104   0.01278    0.0796        12       640    0.5373    0.8883    0.8471    0.5533   0.02838   0.01789  0.003626
   106/149     3.44G   0.03576   0.03148   0.01261   0.07985        14       640    0.5374    0.8887     0.848    0.5542   0.02834   0.01787  0.003601
   107/149     3.44G   0.03557   0.03094   0.01302   0.07954        11       640    0.5379    0.8898    0.8494     0.555    0.0283   0.01785  0.003579
   108/149     3.44G   0.03513   0.03117   0.01268   0.07897        28       640    0.5384    0.8902    0.8501    0.5563   0.02825   0.01782  0.003555
   109/149     3.44G   0.03532   0.03082   0.01269   0.07882        24       640    0.5391    0.8913    0.8511    0.5576   0.02821   0.01779  0.003532
   110/149     3.44G   0.03528   0.03091   0.01249   0.07868        19       640    0.5409    0.8921    0.8521    0.5587   0.02817   0.01777  0.003509
   111/149     3.44G   0.03498   0.03058   0.01232   0.07788        21       640    0.5419    0.8926     0.853    0.5595   0.02813   0.01774  0.003486
   112/149     3.44G   0.03499   0.03081   0.01222   0.07803        11       640    0.5424    0.8934    0.8536    0.5607   0.02809   0.01772  0.003463
   113/149     3.44G   0.03482    0.0306   0.01197   0.07739        17       640    0.5431    0.8935    0.8544     0.562   0.02805   0.01769   0.00344
   114/149     3.44G   0.03508    0.0308   0.01208   0.07797        23       640    0.5444    0.8941    0.8554     0.563   0.02801   0.01767  0.003418
   115/149     3.44G   0.03461   0.03065   0.01175     0.077         9       640    0.5449    0.8941    0.8559    0.5643   0.02797   0.01764  0.003396
   116/149     3.44G   0.03451   0.03056   0.01168   0.07675        21       640    0.5457    0.8938    0.8567    0.5653   0.02794   0.01762  0.003374
   117/149     3.44G   0.03451   0.03078   0.01162   0.07691        14       640     0.546    0.8944    0.8577    0.5663    0.0279   0.01759  0.003352
   118/149     3.44G   0.03425   0.03046   0.01149    0.0762        14       640    0.5467     0.895    0.8584    0.5672   0.02786   0.01756   0.00333
   119/149     3.44G   0.03438    0.0304    0.0118   0.07659        16       640    0.5479    0.8956    0.8591    0.5685   0.02782   0.01754  0.003308
   120/149     3.44G   0.03418   0.03004   0.01152   0.07574        13       640    0.5485    0.8962    0.8598    0.5695   0.02778   0.01751  0.003285
   121/149     3.44G   0.03399   0.03017   0.01144   0.07559        14       640    0.5488    0.8968    0.8606    0.5706   0.02774   0.01749  0.003264
   122/149     3.44G    0.0337   0.03022   0.01081   0.07472        20       640    0.5492    0.8979    0.8615    0.5713   0.02771   0.01746  0.003242
   123/149     3.44G   0.03408    0.0301   0.01116   0.07534        13       640    0.5492    0.8981    0.8624    0.5723   0.02767   0.01743  0.003221
   124/149     3.44G   0.03381   0.03025   0.01102   0.07508        15       640    0.5494    0.8983     0.863    0.5732   0.02763   0.01741  0.003199
   125/149     3.44G   0.03362   0.03009   0.01107   0.07478        23       640    0.5508    0.8988    0.8638    0.5742   0.02759   0.01738  0.003177
   126/149     3.44G   0.03371   0.03024   0.01083   0.07478        17       640    0.5522    0.8995    0.8648     0.575   0.02755   0.01736  0.003156
   127/149     3.44G   0.03358   0.03012   0.01084   0.07455        12       640     0.553    0.8999    0.8655    0.5757   0.02751   0.01733  0.003135
   128/149     3.44G   0.03344   0.02984   0.01098   0.07426        17       640    0.5527    0.8998    0.8663    0.5768   0.02747    0.0173  0.003113
   129/149     3.44G   0.03341   0.02976   0.01083     0.074        14       640    0.5543    0.9004    0.8673    0.5776   0.02743   0.01728  0.003092
   130/149     3.44G   0.03349   0.02971   0.01093   0.07413        23       640    0.5555    0.9012    0.8684     0.579   0.02739   0.01725  0.003072
   131/149     3.44G   0.03329   0.02953   0.01082   0.07363        17       640    0.5571    0.9017    0.8692    0.5802   0.02735   0.01722  0.003052
   132/149     3.44G    0.0332   0.02958   0.01084   0.07362        20       640     0.558    0.9023      0.87    0.5812   0.02731    0.0172  0.003032
   133/149     3.44G   0.03317   0.02948   0.01061   0.07325        13       640    0.5592    0.9027    0.8711    0.5823   0.02727   0.01717  0.003011
   134/149     3.44G   0.03303   0.02963   0.01057   0.07323        18       640    0.5598    0.9031    0.8716    0.5833   0.02723   0.01714  0.002991
   135/149     3.44G   0.03287   0.02925   0.01036   0.07248        17       640    0.5609    0.9034    0.8726    0.5844    0.0272   0.01711   0.00297
   136/149     3.44G   0.03286   0.02936   0.01058   0.07281        16       640    0.5615    0.9035    0.8733    0.5854   0.02716   0.01708   0.00295
   137/149     3.44G   0.03275   0.02938   0.01047   0.07259        16       640     0.562    0.9043    0.8739    0.5864   0.02712   0.01705   0.00293
   138/149     3.44G    0.0328   0.02929   0.01022   0.07231        21       640    0.5629    0.9051    0.8747    0.5875   0.02708   0.01702  0.002909
   139/149     3.44G   0.03248   0.02912   0.01036   0.07196         5       640    0.5642    0.9064    0.8756    0.5888   0.02704   0.01699  0.002889
   140/149     3.44G   0.03279   0.02913   0.01019    0.0721        13       640    0.5651    0.9064    0.8766    0.5898   0.02699   0.01696  0.002868
   141/149     3.44G   0.03259   0.02916  0.009916   0.07167        19       640    0.5655    0.9069    0.8773    0.5909   0.02695   0.01694  0.002848
   142/149     3.44G   0.03258   0.02908   0.01038   0.07203        16       640    0.5672    0.9076    0.8782    0.5921   0.02691   0.01691  0.002827
   143/149     3.44G   0.03233   0.02918   0.01021   0.07172        16       640    0.5687    0.9082    0.8789     0.593   0.02687   0.01688  0.002808
   144/149     3.44G   0.03237   0.02892   0.01011   0.07141        17       640    0.5701    0.9091    0.8796    0.5936   0.02683   0.01685  0.002788
   145/149     3.44G   0.03227   0.02913  0.009935   0.07134        27       640    0.5714    0.9102    0.8806    0.5948   0.02679   0.01682  0.002769
   146/149     3.44G   0.03239   0.02909  0.009978   0.07146        26       640    0.5727     0.911    0.8813     0.596   0.02675   0.01679   0.00275
   147/149     3.44G   0.03243   0.02937  0.009903   0.07171         6       640    0.5732    0.9118     0.882    0.5967   0.02671   0.01676  0.002732
   148/149     3.44G   0.03222   0.02876  0.009992   0.07098        10       640    0.5746    0.9127    0.8828    0.5979   0.02667   0.01673  0.002713
   149/149     3.44G   0.03228   0.02905   0.01004   0.07137        21       640    0.5755    0.9131    0.8839     0.599   0.02663    0.0167  0.002695
