     0/149    0.979G   0.08884   0.07467    0.1127    0.2762        27       640         0         0   0.00142 0.0003223   0.08255   0.02894   0.07039
     1/149     8.46G   0.07798   0.04566   0.06493    0.1886        14       640  0.006499  0.000366  0.004275 0.0009655   0.07272    0.0316    0.0603
     2/149     8.46G   0.07012   0.04468   0.06048    0.1753        12       640   0.02658  0.004055   0.01774  0.004355    0.0692   0.02992   0.05611
     3/149     8.46G   0.06503   0.04404   0.05566    0.1647        19       640    0.1593   0.05083   0.05114   0.01515    0.0602   0.03072   0.04847
     4/149     8.46G   0.06174   0.04305   0.05127    0.1561        18       640    0.2616   0.07221   0.09096   0.02935   0.05847   0.02858   0.04607
     5/149     8.46G   0.05997   0.04236   0.04835    0.1507        15       640    0.2376    0.1798    0.1374   0.04769   0.05627    0.0299   0.04122
     6/149     8.46G   0.05832   0.04129   0.04607    0.1457        11       640    0.3306    0.1594    0.1442   0.05084   0.05487    0.0283    0.0397
     7/149     8.46G   0.05725    0.0418   0.04396     0.143        25       640    0.2828    0.2345    0.1921   0.07149   0.05371   0.02747   0.03564
     8/149     8.46G   0.05618   0.04097   0.04226    0.1394        27       640    0.3361    0.2976    0.2333   0.09108   0.05215   0.02702   0.03338
     9/149     8.46G   0.05554   0.04097   0.04067    0.1372        20       640     0.356    0.2688    0.2303   0.09499   0.05052   0.02683    0.0324
    10/149     8.46G   0.05442   0.04074   0.03961    0.1348        15       640    0.3127    0.3619    0.2645    0.1084   0.05017   0.02717   0.03103
    11/149     8.46G   0.05379   0.03993   0.03832     0.132        10       640    0.3406    0.3326    0.2808    0.1181   0.04966   0.02636   0.02986
    12/149     8.46G   0.05337   0.04043   0.03785    0.1317        15       640    0.3527    0.3805    0.3166    0.1365   0.04839     0.026   0.02796
    13/149     8.46G   0.05283   0.04002   0.03647    0.1293        30       640     0.367     0.381    0.3245    0.1418    0.0477   0.02574   0.02715
    14/149     8.46G   0.05226   0.03964   0.03582    0.1277        11       640    0.3401    0.4385     0.347    0.1531   0.04725   0.02592   0.02547
    15/149     8.46G    0.0514   0.03929   0.03481    0.1255        14       640    0.3645    0.4452    0.3572    0.1607   0.04623   0.02534   0.02395
    16/149     8.46G   0.05121   0.03931   0.03373    0.1242        15       640    0.4101    0.4457    0.3936    0.1825   0.04521   0.02523   0.02324
    17/149     8.46G   0.05072    0.0388   0.03339    0.1229        18       640    0.3453    0.4968    0.4052    0.1886   0.04481   0.02548   0.02251
    18/149     8.46G   0.05012   0.03845   0.03284    0.1214        22       640    0.3785     0.498     0.418    0.1961   0.04483   0.02484    0.0221
    19/149     8.46G   0.05012   0.03872    0.0318    0.1206        19       640    0.3645    0.5104    0.4199    0.1992   0.04372   0.02497   0.02058
    20/149     8.46G   0.04967    0.0385   0.03111    0.1193        11       640    0.3699    0.5353    0.4472    0.2151   0.04363   0.02479   0.02026
    21/149     8.46G    0.0493   0.03862   0.03103     0.119        17       640    0.3632    0.5621    0.4629    0.2255   0.04322   0.02468   0.01997
    22/149     8.46G    0.0491   0.03871   0.02976    0.1176        13       640    0.3547    0.5774     0.473    0.2331   0.04258   0.02437   0.01877
    23/149     8.46G   0.04866   0.03828   0.02967    0.1166        12       640     0.397    0.5783    0.4953    0.2498     0.042   0.02414   0.01753
    24/149     8.46G   0.04856    0.0376   0.02997    0.1161         7       640    0.3993    0.5748    0.4949    0.2483   0.04172   0.02401   0.01748
    25/149     8.46G   0.04802   0.03788   0.02861    0.1145        18       640    0.4104    0.5986    0.5161    0.2603   0.04104   0.02391   0.01715
    26/149     8.46G   0.04789   0.03802   0.02857    0.1145        17       640    0.4103    0.6067    0.5276    0.2725   0.04094   0.02369   0.01666
    27/149     8.46G   0.04735    0.0376    0.0279    0.1129        19       640    0.4066    0.6218    0.5399    0.2786   0.04039   0.02349   0.01588
    28/149     8.46G   0.04722   0.03746    0.0272    0.1119        12       640    0.4273    0.6187    0.5469    0.2827   0.03984   0.02333   0.01528
    29/149     8.46G   0.04732   0.03766   0.02729    0.1123        11       640     0.415    0.6295    0.5562     0.291   0.03994   0.02339   0.01543
    30/149     8.46G   0.04698   0.03783   0.02715     0.112         7       640    0.4214    0.6445    0.5641    0.2955   0.03951   0.02316   0.01483
    31/149     8.46G   0.04646   0.03757   0.02654    0.1106        20       640    0.4168      0.65    0.5712    0.3026   0.03938   0.02327   0.01475
    32/149     8.46G   0.04646    0.0372   0.02619    0.1098        16       640    0.4293    0.6599    0.5835    0.3085   0.03888   0.02297   0.01394
    33/149     8.46G   0.04589    0.0372   0.02569    0.1088        21       640    0.4477    0.6756    0.6046    0.3249   0.03822    0.0227    0.0129
    34/149     8.46G   0.04595   0.03709   0.02552    0.1086        19       640    0.4289    0.6877    0.6053    0.3271   0.03799   0.02276    0.0129
    35/149     8.46G   0.04561   0.03691   0.02523    0.1078        23       640    0.4407    0.6812    0.6112    0.3276   0.03797   0.02256   0.01285
    36/149     8.46G    0.0456   0.03706   0.02448    0.1071        23       640    0.4522    0.6836     0.618     0.336   0.03773   0.02236   0.01247
    37/149     8.46G   0.04526   0.03675   0.02463    0.1066        26       640    0.4397    0.6966    0.6261    0.3436   0.03714   0.02236    0.0122
    38/149     8.46G   0.04498   0.03679   0.02428     0.106        25       640    0.4405    0.7105    0.6331    0.3508    0.0371   0.02229   0.01172
    39/149     8.46G   0.04461   0.03653   0.02384     0.105        15       640    0.4375    0.7098    0.6376    0.3545   0.03657   0.02215   0.01148
    40/149     8.46G   0.04464    0.0359    0.0237    0.1042        13       640    0.4515    0.7154    0.6491    0.3622   0.03649   0.02194   0.01122
    41/149     8.46G   0.04471   0.03667     0.024    0.1054        16       640     0.458    0.7204    0.6535     0.365   0.03634   0.02184   0.01098
    42/149     8.46G   0.04463   0.03637   0.02383    0.1048        11       640    0.4467    0.7301    0.6581     0.371   0.03583   0.02186   0.01072
    43/149     8.46G   0.04423   0.03636   0.02324    0.1038        10       640    0.4667    0.7292    0.6657    0.3775   0.03567   0.02167   0.01049
    44/149     8.46G     0.044   0.03626   0.02285    0.1031        15       640    0.4665    0.7366    0.6742    0.3841   0.03541   0.02153   0.01009
    45/149     8.46G   0.04378   0.03599   0.02295    0.1027        20       640    0.4504    0.7416    0.6766    0.3872   0.03522   0.02156  0.009949
    46/149     8.46G   0.04349   0.03577   0.02242    0.1017        17       640    0.4702    0.7462    0.6854    0.3937   0.03497   0.02136  0.009541
    47/149     8.46G    0.0434   0.03605   0.02235    0.1018        20       640    0.4613    0.7494    0.6886    0.3977   0.03474   0.02134  0.009409
    48/149     8.46G   0.04336   0.03568   0.02188    0.1009        19       640     0.465    0.7584    0.6969    0.4054   0.03452   0.02117  0.009162
    49/149     8.46G   0.04337   0.03602   0.02173    0.1011        21       640    0.4648    0.7628    0.7005    0.4077   0.03431   0.02115  0.009079
    50/149     8.46G   0.04283   0.03569   0.02197    0.1005        18       640    0.4731    0.7651    0.7078    0.4149   0.03416   0.02102  0.008851
    51/149     8.46G   0.04296   0.03541    0.0216   0.09997        20       640     0.475    0.7657    0.7086    0.4131   0.03407   0.02097  0.008723
    52/149     8.46G    0.0427   0.03511    0.0212     0.099        21       640    0.4691     0.776    0.7135    0.4182   0.03393   0.02092  0.008528
    53/149     8.46G   0.04276   0.03584   0.02114   0.09974        13       640    0.4742    0.7775    0.7165    0.4228    0.0337   0.02081  0.008376
    54/149     8.46G   0.04276   0.03545   0.02085   0.09907        26       640    0.4718    0.7809    0.7212    0.4249   0.03359   0.02071  0.008102
    55/149     8.46G   0.04241   0.03526    0.0205   0.09816        15       640    0.4747    0.7894    0.7265    0.4309   0.03341   0.02066  0.007935
    56/149     8.46G    0.0423   0.03529   0.02017   0.09777         7       640     0.477    0.7906    0.7315    0.4357   0.03318    0.0205  0.007771
    57/149     8.46G    0.0421   0.03534   0.02031   0.09776        18       640    0.4788    0.7955    0.7364    0.4389   0.03298   0.02043  0.007632
    58/149     8.46G   0.04211   0.03541   0.02005   0.09757        28       640    0.4818    0.7977    0.7402    0.4435   0.03276   0.02035  0.007398
    59/149     8.46G   0.04165   0.03515   0.01982   0.09661        20       640    0.4834    0.8027    0.7429     0.448   0.03264   0.02031  0.007276
    60/149     8.46G   0.04153   0.03509   0.01949   0.09612        13       640    0.4854    0.8078    0.7473    0.4516   0.03254   0.02026   0.00719
    61/149     8.46G   0.04172   0.03488    0.0199    0.0965        14       640    0.4895    0.8075    0.7497     0.454   0.03239   0.02014  0.007097
    62/149     8.46G    0.0415   0.03483   0.01927    0.0956        23       640    0.4914    0.8103    0.7531    0.4566   0.03226   0.02009  0.006938
    63/149     8.46G   0.04133   0.03487   0.01924   0.09544        18       640    0.4929    0.8123    0.7566    0.4604   0.03212   0.02001  0.006808
    64/149     8.46G   0.04151   0.03483   0.01909   0.09543        23       640    0.4909    0.8168    0.7599    0.4639   0.03202   0.01997  0.006711
    65/149     8.46G   0.04135   0.03454   0.01886   0.09474        20       640    0.4902    0.8182    0.7643    0.4666    0.0319   0.01989  0.006594
    66/149     8.46G   0.04082   0.03468    0.0185   0.09401        17       640    0.4918    0.8207     0.767    0.4704   0.03181   0.01982  0.006485
    67/149     8.46G   0.04081   0.03449   0.01894   0.09424        13       640    0.4973    0.8217    0.7708    0.4733   0.03172   0.01973  0.006351
    68/149     8.46G   0.04077   0.03439    0.0184   0.09355        13       640    0.4994    0.8219     0.773    0.4763   0.03161   0.01966  0.006222
    69/149     8.46G   0.04029   0.03429   0.01797   0.09256        23       640    0.5012    0.8227    0.7753    0.4788   0.03149   0.01959  0.006135
    70/149     8.46G   0.04049   0.03412    0.0183   0.09291        14       640    0.5031    0.8258    0.7788    0.4813   0.03138   0.01954  0.006045
    71/149     8.46G   0.04039   0.03423   0.01801   0.09263        17       640    0.5013    0.8298    0.7815    0.4836   0.03124    0.0195  0.005939
    72/149     8.46G   0.04013     0.034    0.0181   0.09222        16       640    0.5026    0.8312    0.7851    0.4863   0.03114   0.01944  0.005831
    73/149     8.46G   0.04011   0.03406   0.01746   0.09163        12       640    0.5031    0.8325    0.7871    0.4889   0.03104   0.01939  0.005741
    74/149     8.46G   0.03971   0.03376   0.01794   0.09141        13       640    0.5016     0.833     0.789    0.4912   0.03096   0.01935  0.005669
    75/149     8.46G   0.03989   0.03441   0.01762   0.09191        19       640    0.5033    0.8361    0.7911    0.4939   0.03089    0.0193  0.005577
    76/149     8.46G   0.03965    0.0335   0.01717   0.09033        37       640     0.503     0.838     0.793    0.4957   0.03081   0.01925  0.005503
    77/149     8.46G    0.0395   0.03362   0.01646   0.08958        13       640     0.506    0.8408    0.7954    0.4978   0.03073   0.01921  0.005413
    78/149     8.46G    0.0393   0.03357   0.01649   0.08936        38       640    0.5054    0.8423    0.7974    0.5004   0.03066   0.01916  0.005322
    79/149     8.46G    0.0393   0.03352   0.01689   0.08971        21       640    0.5084    0.8439     0.799    0.5021   0.03058   0.01912  0.005255
    80/149     8.46G   0.03933   0.03347   0.01649   0.08928        13       640    0.5071    0.8469     0.801    0.5033   0.03052   0.01908  0.005191
    81/149     8.46G   0.03906   0.03354   0.01616   0.08876        15       640    0.5083    0.8484    0.8024    0.5045   0.03045   0.01904  0.005119
    82/149     8.46G   0.03913   0.03338   0.01624   0.08875        14       640    0.5098    0.8516    0.8046    0.5066   0.03038     0.019  0.005064
    83/149     8.46G   0.03886   0.03332   0.01607   0.08825        19       640    0.5093    0.8522    0.8063    0.5084    0.0303   0.01896  0.005012
    84/149     8.46G   0.03873   0.03318   0.01569   0.08759        18       640    0.5109    0.8549    0.8085    0.5105   0.03022   0.01891  0.004942
    85/149     8.46G   0.03836   0.03275   0.01571   0.08682         9       640    0.5126    0.8565    0.8099    0.5119   0.03014   0.01887   0.00488
    86/149     8.46G   0.03849   0.03294   0.01587   0.08731        25       640    0.5131    0.8571    0.8121    0.5137   0.03006   0.01883  0.004823
    87/149     8.46G    0.0383   0.03297   0.01581   0.08708        11       640    0.5143    0.8588    0.8138    0.5152      0.03    0.0188   0.00478
    88/149     8.46G   0.03836   0.03283   0.01515   0.08634        15       640     0.516    0.8602     0.815    0.5162   0.02993   0.01876  0.004733
    89/149     8.46G   0.03805   0.03315   0.01538   0.08658        18       640    0.5168    0.8612    0.8165    0.5171   0.02987   0.01872  0.004691
    90/149     8.46G   0.03799   0.03319    0.0156   0.08678         7       640    0.5169     0.861    0.8175    0.5186   0.02981   0.01868  0.004648
    91/149     8.46G   0.03785   0.03306   0.01494   0.08585        20       640    0.5173    0.8617    0.8189    0.5198   0.02975   0.01865  0.004599
    92/149     8.46G   0.03757   0.03277   0.01529   0.08563        20       640     0.518     0.864    0.8203     0.521   0.02969   0.01861  0.004549
    93/149     8.46G   0.03773   0.03264   0.01483   0.08521        11       640    0.5185    0.8641    0.8215    0.5228   0.02963   0.01858    0.0045
    94/149     8.46G   0.03762   0.03241   0.01462   0.08465        14       640    0.5194    0.8649    0.8226     0.524   0.02957   0.01855  0.004453
    95/149     8.46G   0.03723   0.03275   0.01467   0.08465        27       640    0.5203    0.8665    0.8238    0.5254   0.02951   0.01852  0.004415
    96/149     8.46G   0.03743   0.03256   0.01425   0.08425        17       640    0.5214    0.8679    0.8247    0.5275   0.02946   0.01848  0.004373
    97/149     8.46G   0.03727   0.03247   0.01481   0.08455        18       640    0.5236    0.8693    0.8256    0.5288   0.02941   0.01845  0.004329
    98/149     8.46G   0.03685   0.03225   0.01421   0.08331        16       640    0.5244    0.8703    0.8268    0.5296   0.02936   0.01842  0.004289
    99/149     8.46G    0.0369   0.03217   0.01411   0.08318        13       640    0.5253    0.8711    0.8281    0.5311   0.02931    0.0184  0.004251
   100/149     8.46G   0.03685   0.03223   0.01391   0.08299        17       640     0.526    0.8711     0.829    0.5323   0.02926   0.01837  0.004214
   101/149     8.46G   0.03669   0.03201   0.01404   0.08274        15       640    0.5276     0.873    0.8305    0.5335   0.02921   0.01834  0.004177
   102/149     8.46G   0.03688   0.03197   0.01391   0.08275        13       640    0.5275     0.874    0.8315    0.5351   0.02916   0.01831  0.004143
   103/149     8.46G   0.03619   0.03193   0.01361   0.08173        12       640    0.5291     0.875    0.8324    0.5363   0.02912   0.01828  0.004112
   104/149     8.46G   0.03651   0.03179   0.01343   0.08172         9       640    0.5299     0.876    0.8333    0.5375   0.02907   0.01825   0.00408
   105/149     8.46G   0.03638     0.032   0.01328   0.08166        22       640    0.5306    0.8769     0.834    0.5388   0.02903   0.01822  0.004052
   106/149     8.46G   0.03651   0.03163   0.01341   0.08155        17       640    0.5314    0.8767    0.8348    0.5397   0.02899    0.0182  0.004024
   107/149     8.46G   0.03618   0.03168   0.01329   0.08115        20       640    0.5322    0.8779    0.8362     0.541   0.02895   0.01817  0.003995
   108/149     8.46G   0.03583   0.03157   0.01307   0.08047        15       640    0.5332    0.8777    0.8372     0.542    0.0289   0.01814  0.003965
   109/149     8.46G    0.0358   0.03168   0.01286   0.08034        11       640    0.5341    0.8784    0.8377    0.5431   0.02886   0.01811  0.003938
   110/149     8.46G   0.03586    0.0314   0.01304    0.0803        14       640    0.5347    0.8789    0.8387    0.5438   0.02881   0.01809   0.00391
   111/149     8.46G   0.03553   0.03139   0.01263   0.07955        16       640    0.5353    0.8798    0.8395    0.5447   0.02877   0.01806  0.003883
   112/149     8.46G   0.03545   0.03096   0.01249    0.0789         9       640    0.5367    0.8806    0.8406    0.5461   0.02873   0.01803  0.003857
   113/149     8.46G   0.03523    0.0311   0.01275   0.07909        23       640    0.5373    0.8811    0.8412    0.5473   0.02868   0.01801  0.003832
   114/149     8.46G   0.03538   0.03112   0.01266   0.07916        16       640    0.5387    0.8824    0.8422    0.5482   0.02864   0.01798  0.003808
   115/149     8.46G    0.0353   0.03094   0.01251   0.07875         9       640    0.5391    0.8825    0.8428    0.5487   0.02859   0.01795  0.003785
   116/149     8.46G   0.03499   0.03124   0.01245   0.07868        10       640    0.5397    0.8828    0.8437    0.5496   0.02855   0.01793   0.00376
   117/149     8.46G   0.03485   0.03112   0.01215   0.07812        13       640    0.5405    0.8834    0.8446    0.5506   0.02851    0.0179  0.003735
   118/149     8.46G   0.03491   0.03088    0.0124   0.07818        11       640     0.542     0.884    0.8455     0.552   0.02847   0.01788  0.003711
   119/149     8.46G   0.03489   0.03078   0.01242   0.07809        19       640    0.5427    0.8848    0.8464    0.5528   0.02843   0.01785  0.003686
   120/149     8.46G    0.0348   0.03085   0.01172   0.07737        12       640    0.5436    0.8855    0.8473     0.554   0.02838   0.01782  0.003662
   121/149     8.46G   0.03445   0.03035   0.01173   0.07653        27       640    0.5451    0.8857     0.848    0.5549   0.02834    0.0178  0.003636
   122/149     8.46G   0.03455   0.03051   0.01195   0.07702        12       640    0.5465    0.8864    0.8489    0.5564    0.0283   0.01777  0.003611
   123/149     8.46G   0.03461   0.03055    0.0117   0.07686         8       640    0.5469    0.8866    0.8495    0.5573   0.02826   0.01775  0.003587
   124/149     8.46G   0.03447   0.03046   0.01177    0.0767        21       640    0.5483    0.8874    0.8502    0.5582   0.02822   0.01772  0.003562
   125/149     8.46G   0.03444   0.03057   0.01198   0.07698        16       640    0.5492    0.8877    0.8511    0.5598   0.02818   0.01769  0.003539
   126/149     8.46G   0.03408   0.03025   0.01149   0.07582        13       640      0.55    0.8877     0.852    0.5605   0.02814   0.01766  0.003518
   127/149     8.46G    0.0341   0.03037   0.01134   0.07581        19       640    0.5512    0.8879    0.8527    0.5612    0.0281   0.01763  0.003494
   128/149     8.46G   0.03423   0.03038    0.0113    0.0759        18       640    0.5521    0.8886    0.8536    0.5621   0.02806   0.01761  0.003472
   129/149     8.46G   0.03395   0.03027   0.01163   0.07584        13       640     0.553    0.8888    0.8543    0.5633   0.02802   0.01758   0.00345
   130/149     8.46G   0.03418   0.03034   0.01152   0.07604        16       640    0.5542    0.8892     0.855    0.5642   0.02798   0.01755  0.003427
   131/149     8.46G   0.03394   0.03031   0.01143   0.07568        20       640    0.5553    0.8898     0.856     0.565   0.02794   0.01753  0.003407
   132/149     8.46G   0.03357      0.03   0.01103    0.0746        16       640    0.5569      0.89    0.8569    0.5664    0.0279    0.0175  0.003386
   133/149     8.46G   0.03364   0.02977    0.0113   0.07471        23       640     0.558    0.8901    0.8575     0.567   0.02786   0.01747  0.003365
   134/149     8.46G   0.03343   0.03003   0.01095   0.07441        24       640    0.5595    0.8907    0.8587    0.5683   0.02781   0.01744  0.003344
   135/149     8.46G   0.03362   0.02992   0.01116    0.0747        28       640    0.5606    0.8909    0.8596    0.5692   0.02777   0.01741  0.003322
   136/149     8.46G   0.03326   0.02946   0.01093   0.07365        19       640    0.5626     0.891    0.8602    0.5701   0.02773   0.01738  0.003299
   137/149     8.46G   0.03343   0.02981   0.01081   0.07406         6       640    0.5647    0.8918    0.8611    0.5708   0.02769   0.01735  0.003277
   138/149     8.46G   0.03319   0.02986   0.01046   0.07351        17       640     0.566    0.8928     0.862    0.5718   0.02765   0.01732  0.003254
   139/149     8.46G   0.03343   0.02962   0.01093   0.07399        20       640    0.5668    0.8934    0.8629    0.5732   0.02761   0.01729  0.003232
   140/149     8.46G   0.03295   0.02945   0.01072   0.07311        17       640    0.5685    0.8941    0.8641    0.5742   0.02757   0.01726  0.003211
   141/149     8.46G   0.03322   0.02965   0.01065   0.07352        13       640    0.5696    0.8946    0.8649     0.575   0.02754   0.01723   0.00319
   142/149     8.46G   0.03329    0.0297   0.01056   0.07356        14       640    0.5706    0.8951    0.8659    0.5757    0.0275    0.0172   0.00317
   143/149     8.46G   0.03309   0.02925   0.01081   0.07316        17       640    0.5712    0.8953    0.8667    0.5768   0.02746   0.01717   0.00315
   144/149     8.46G   0.03292   0.02977    0.0106   0.07329        20       640    0.5732    0.8957    0.8674    0.5778   0.02742   0.01714  0.003131
   145/149     8.46G    0.0329   0.02973   0.01038   0.07301        18       640    0.5742    0.8961    0.8683    0.5791   0.02738   0.01711  0.003113
   146/149     8.46G   0.03273   0.02942   0.01023   0.07238        19       640     0.576    0.8966     0.869    0.5799   0.02734   0.01709  0.003093
   147/149     8.46G   0.03297   0.02961   0.01043   0.07301        26       640    0.5768    0.8982    0.8702    0.5805    0.0273   0.01706  0.003073
   148/149     8.46G   0.03287   0.02935   0.01043   0.07265        17       640    0.5781    0.8984    0.8708    0.5816   0.02726   0.01703  0.003054
   149/149     8.46G   0.03307   0.02921   0.01067   0.07294        13       640    0.5789    0.8984    0.8716    0.5827   0.02722     0.017  0.003033
